time_min,distance_bin_um,mean_radius_um,std_radius_um,n_droplets,sem_radius_um
0.5,900.0,43.96590283129831,7.577488049584005,13,2.101617053999288
0.5,1300.0,45.83304508760711,7.533586478135621,10,2.3823292220754855
0.5,1500.0,46.231975480656814,8.639956145584113,15,2.2308270842539795
0.5,2300.0,55.41303779556531,8.922426121103065,12,2.5756825614217016
0.5,2900.0,38.119294827646385,9.143814998581004,45,1.3630794607006178
2.5,1700.0,24.28680441201844,4.6415078465332265,11,1.3994672716764733
2.5,2500.0,30.30293678695883,4.446759371333471,11,1.3407483970645258
2.5,2700.0,29.411686597187188,6.469484198322616,11,1.9506228793608473
2.5,2900.0,41.41445250793329,11.281188226913637,80,1.2612751871174603
3.0,900.0,25.60743571986583,4.395327580221344,11,1.3252411285722656
3.0,1100.0,23.646223288173566,5.917551210090892,18,1.3947801962246433
3.0,1300.0,23.924829779425405,4.593708660687637,26,0.9009003884848631
3.0,1500.0,25.5684884999138,5.431665318043401,21,1.1852865461714417
3.0,1700.0,30.500863226766754,5.376648886602748,26,1.0544475996355511
3.0,1900.0,30.029307200145922,6.661916432778826,24,1.3598579974475362
3.0,2100.0,34.21328835836446,8.648295846266226,16,2.1620739615665565
3.0,2300.0,33.486320507770245,6.97103955119592,24,1.4229574897658548
3.0,2500.0,38.32534423885521,11.003123386512002,20,2.4603731857058526
3.0,2700.0,39.92275004122989,7.3799365552872445,18,1.7394677276567005
3.0,2900.0,44.13426327496892,11.260444526294496,69,1.3555982204229433
3.5,700.0,19.342792106066433,5.121135981753127,15,1.322271624732895
3.5,900.0,24.090840365346985,7.496777810654281,21,1.6359310374089795
3.5,1100.0,26.724078048549607,7.5292649512531575,20,1.6835948251608706
3.5,1300.0,27.36453114456334,6.178112278795216,24,1.2611018880559743
3.5,1500.0,29.495595896450105,7.877086997962679,23,1.6424861798567902
3.5,1700.0,33.697345140961765,7.4550782931055934,31,1.3389715884664841
3.5,1900.0,32.294427450296055,7.872447085130761,26,1.5439138964157073
3.5,2100.0,35.06546373856804,11.040007741180696,19,2.532751477879652
3.5,2300.0,35.299725020594856,10.20211293055658,19,2.340525224993985
3.5,2500.0,38.535197342592234,10.741842632209343,22,2.290168544166267
3.5,2700.0,39.613646883540504,8.911121550905545,18,2.100371492207632
3.5,2900.0,32.305649757302724,13.988606552651815,180,1.0426491720742819
4.0,700.0,20.813171069673864,5.582974736344447,19,1.2808222463192673
4.0,900.0,19.93939964787255,8.672180480648953,39,1.3886602498308296
4.0,1100.0,20.868144271015264,8.059953839601752,48,1.163354129737507
4.0,1300.0,24.029463744396892,7.366811745143041,47,1.0745599325718798
4.0,1500.0,24.395736850681345,8.232661777710348,58,1.0810014509717278
4.0,1700.0,28.00809115349561,9.17198262768373,56,1.2256577339369679
4.0,1900.0,27.143657471422586,8.064504143917558,73,0.94387881657206
4.0,2100.0,27.40507273928848,9.164384927503784,76,1.051227046807798
4.0,2300.0,26.931500625512097,9.298849086555729,80,1.039642933502522
4.0,2500.0,29.211906638250177,9.807962007895766,77,1.1177210043140295
4.0,2700.0,28.32225009962356,9.570681428845704,71,1.1358309176170622
4.0,2900.0,30.960251459234723,10.620897146392368,352,0.5660957199875277
4.5,700.0,16.763324402799036,5.510533976864352,51,0.7716290980162814
4.5,900.0,19.61448948664089,6.095424459752653,73,0.7134154714168048
4.5,1100.0,21.295915492471345,6.629232466650039,93,0.6874193841054714
4.5,1300.0,24.730888235236,5.407365184922942,107,0.5227497233860159
4.5,1500.0,26.988141518830584,6.124959441603383,113,0.5761877164719448
4.5,1700.0,28.923695160473088,7.101571356955231,110,0.6771082613714869
4.5,1900.0,29.44134341272431,7.480579800159115,119,0.6857436259705455
4.5,2100.0,29.628653952510504,8.199286533979631,117,0.7580243082175633
4.5,2300.0,30.324396476175835,9.306518234906674,118,0.8567344468062992
4.5,2500.0,31.65577442227917,8.444010230195044,113,0.7943456636389064
4.5,2700.0,30.78761724491603,7.0163247040950685,119,0.643185431090586
4.5,2900.0,33.116799493131204,10.777015623707157,389,0.5464163825507674
5.0,500.0,15.022120195342513,2.7939989210336953,77,0.3184057276686063
5.0,700.0,18.206118768648864,3.6604547799119667,140,0.3093648931483934
5.0,900.0,20.674629750332816,5.055846089487462,134,0.436758580130721
5.0,1100.0,24.026695530068103,5.427431728758867,138,0.46201367043532315
5.0,1300.0,27.901455548585297,6.244835835103509,138,0.5315957288148128
5.0,1500.0,29.379304269473682,7.064763780036167,140,0.5970815167349485
5.0,1700.0,32.19271813920672,9.937157391081087,120,0.9071342100957163
5.0,1900.0,32.09008480163888,8.423163659224851,130,0.7387603235258698
5.0,2100.0,31.216558526526576,8.08289422208913,134,0.698255710577681
5.0,2300.0,31.701386536691846,9.065250784274065,130,0.7950750897376905
5.0,2500.0,32.29776476448025,8.20117022867755,126,0.7306183134838545
5.0,2700.0,31.71706497366775,7.241498719520461,136,0.6209533923545242
5.0,2900.0,34.57214967440073,11.15660458287021,345,0.6006513995836511
5.5,500.0,17.976326496631483,3.1466739776986796,119,0.28845513059941624
5.5,700.0,20.247955252777516,3.77710596647993,157,0.3014458733092034
5.5,900.0,22.514342417937044,5.066910222895461,147,0.417911711592623
5.5,1100.0,26.278861685169225,5.6798036733722475,143,0.4749690440266465
5.5,1300.0,29.049113967373543,6.103988114112479,139,0.5177335145288328
5.5,1500.0,30.715794371338415,7.800601416458621,147,0.6433827610904799
5.5,1700.0,34.07901764188343,9.585328322882344,111,0.9097991019576668
5.5,1900.0,33.74965247481913,9.15496805739499,116,0.8500174447090352
5.5,2100.0,32.208269703976434,8.712227904048792,119,0.7986486225408771
5.5,2300.0,32.62968340237877,9.238089213045825,117,0.8540616498704485
5.5,2500.0,33.150392624954655,8.55493930939483,117,0.7909044189360396
5.5,2700.0,33.05090653448704,7.451437078351562,117,0.6888856015869265
5.5,2900.0,35.155306795780405,11.693248578134474,310,0.6641318910744138
6.0,500.0,19.88765630397284,3.3686297014878694,117,0.31142992607090936
6.0,700.0,23.1598509376085,4.314227680543413,149,0.3534353028287987
6.0,900.0,25.513852740317375,6.415742962697598,148,0.5273708229394789
6.0,1100.0,28.35136129879614,6.242667951633555,148,0.5131441446660829
6.0,1300.0,30.63555295117906,6.621194178022149,128,0.5852364128540437
6.0,1500.0,31.19011274547808,8.466149150248729,139,0.7180893986260465
6.0,1700.0,35.74477901256727,11.230605525566377,90,1.1838097654554038
6.0,1900.0,34.125216204676214,8.584074438740712,109,0.8222052131720858
6.0,2100.0,33.412447747187144,8.614305823362429,108,0.8289119643333431
6.0,2300.0,33.28242223880855,9.023985657296405,104,0.8848745953256884
6.0,2500.0,32.8194854249867,8.53477016992952,114,0.7993544646266675
6.0,2700.0,33.249477070901435,7.379833607757004,104,0.7236522225580925
6.0,2900.0,36.73046804520211,12.175355301188684,269,0.742344514430309
6.5,500.0,20.018317568045124,3.537018786224685,131,0.3090307662010808
6.5,700.0,24.496534433251597,4.412398087909269,166,0.3424685095556395
6.5,900.0,27.34027136369569,6.0901111864695725,148,0.5006040558163127
6.5,1100.0,30.376838052842007,6.691500190084866,138,0.569618323738315
6.5,1300.0,31.03822328112659,6.6284700682231,114,0.6208131018391698
6.5,1500.0,31.700882525089387,9.50420665889624,130,0.8335740667336213
6.5,1700.0,34.88828522864321,10.800866686743031,86,1.1646874078321343
6.5,1900.0,34.26322998095796,8.848015617601488,101,0.8804104599072287
6.5,2100.0,34.36158101884127,8.679692133580453,93,0.9000421467654588
6.5,2300.0,33.462732814898715,8.816275374829587,95,0.9045307680596585
6.5,2500.0,34.354092361569315,8.838093621985731,95,0.9067692729859232
6.5,2700.0,34.5486450724563,7.991416730762861,91,0.8377280982784551
6.5,2900.0,39.58009988338333,12.49260016393361,232,0.8201793823344536
7.0,500.0,20.677929561985867,4.224324770627531,112,0.39916117143751484
7.0,700.0,26.427536877391272,4.981140533891713,158,0.3962782635240537
7.0,900.0,30.013103749724912,7.362522472906198,139,0.624481005603904
7.0,1100.0,33.50335165347964,6.884948890280253,122,0.6233339842461325
7.0,1300.0,34.761476689702306,7.733043464505069,106,0.7510995790068011
7.0,1500.0,37.44023664674357,10.63489989667951,100,1.0634899896679513
7.0,1700.0,38.26862737469893,11.025951578263026,79,1.2405164716899926
7.0,1900.0,36.69770708696516,8.845769796190076,95,0.9075568318419724
7.0,2100.0,35.82502968016132,9.215867788557924,87,0.9880447375520818
7.0,2300.0,35.25816069676205,9.53822204350948,82,1.0533204163054932
7.0,2500.0,37.12933846458956,9.846304523216915,76,1.12944858905342
7.0,2700.0,36.881431235276395,8.64448983539693,82,0.9546242046613822
7.0,2900.0,41.21864217321125,12.834834482894564,207,0.892082663906766
7.5,500.0,21.42980008704511,4.531075371801034,129,0.39893894177319317
7.5,700.0,27.87726974459565,5.707922880255257,144,0.4756602400212713
7.5,900.0,31.64921527299525,8.043711499512492,131,0.7027823367735104
7.5,1100.0,34.09098343749109,7.032212705148236,115,0.6557572160119355
7.5,1300.0,35.51107837375563,7.682527699658685,98,0.776052490440306
7.5,1500.0,38.137514363401834,10.232721942090462,90,1.0786236000062488
7.5,1700.0,37.88281224967919,11.097141641039919,74,1.290016512576602
7.5,1900.0,37.43917934954742,8.755475535825088,85,0.9496646582032904
7.5,2100.0,36.25924714348355,8.958083312756244,80,1.0015441617714735
7.5,2300.0,35.27905627715853,9.490491129274423,76,1.088633993607274
7.5,2500.0,38.620818967110345,11.094075427425603,66,1.3655862853989953
7.5,2700.0,37.052924550685795,8.894871655829528,71,1.0556270533126872
7.5,2900.0,42.570514838122506,12.544155868010131,189,0.9124530761028714
8.0,500.0,23.597268163289453,4.390966625681638,125,0.3927399944782808
8.0,700.0,29.203736337237483,5.767103627269594,144,0.4805919689391329
8.0,900.0,33.98588113503426,8.224677080805186,115,0.7669550924074743
8.0,1100.0,34.86002588380731,7.64735418733946,109,0.7324836853029771
8.0,1300.0,35.64647383107096,6.937243796072363,89,0.7353463716923978
8.0,1500.0,38.309808502316066,10.265894342479298,79,1.1550033516908376
8.0,1700.0,38.128980411812556,10.889847578703487,66,1.3404475750002884
8.0,1900.0,36.86061087302657,9.192402425883783,78,1.0408346155443275
8.0,2100.0,36.94039579143577,8.782740358901478,71,1.0423195166623174
8.0,2300.0,36.66583094505042,9.516452733332716,67,1.1626197426742997
8.0,2500.0,39.874959341718345,10.420865807898846,58,1.3683267165450481
8.0,2700.0,39.47125618500392,9.395765760333171,63,1.1837552180408226
8.0,2900.0,43.67669780470128,12.630710824891478,173,0.9602951615793859
8.5,500.0,23.625094375177085,4.746919103861545,129,0.4179429227249316
8.5,700.0,30.794453879160177,6.203659282567974,122,0.5616529213408868
8.5,900.0,36.347946911486446,7.494674832029503,99,0.7532431619261134
8.5,1100.0,36.86379281365395,8.115317167606564,92,0.8460803020454013
8.5,1300.0,35.94322417674923,7.2619111090863395,85,0.7876648507662425
8.5,1500.0,39.12987622890939,10.054492496108733,72,1.1849333042312904
8.5,1700.0,38.31222739140055,11.436790621752065,64,1.4295988277190081
8.5,1900.0,38.89250733433866,9.495340021747653,68,1.1514791135535372
8.5,2100.0,37.518136529723215,9.507723007201232,69,1.144595345125115
8.5,2300.0,38.39282273108125,9.737286640423573,61,1.2467318004521055
8.5,2500.0,40.04001555690434,11.079365311410532,58,1.4547919373910667
8.5,2700.0,39.463271604564575,9.826586658210678,60,1.2686068825771315
8.5,2900.0,45.35726179782818,13.535171742500104,160,1.0700492806962596
9.0,500.0,24.067424132379983,5.2125289005968565,133,0.45198357761401337
9.0,700.0,31.439205233112098,5.987825716521535,115,0.5583676271561334
9.0,900.0,36.871667701838305,7.108926060164663,97,0.7218020813406638
9.0,1100.0,38.38288943073738,8.225356872866781,81,0.9139285414296423
9.0,1300.0,37.65752671662089,7.709095709036918,79,0.8673410309318162
9.0,1500.0,41.34675574081283,10.399030153991168,66,1.2800321263938128
9.0,1700.0,40.95845955058862,12.388636483721601,55,1.6704834026864417
9.0,1900.0,41.01965488805138,10.044392858165429,63,1.2654745511113803
9.0,2100.0,40.222619435323026,8.729505604936463,59,1.1364848281076763
9.0,2300.0,40.119739883284524,11.418368441358126,51,1.5988913920527732
9.0,2500.0,43.87724728487352,11.314293882097672,50,1.6000827856737458
9.0,2700.0,40.87596965874799,11.048154322111582,54,1.5034633715943306
9.0,2900.0,47.52249276708007,13.39942532328318,147,1.1051659739119764
9.5,500.0,24.25191545552826,5.183018773042204,135,0.44608323091273017
9.5,700.0,32.65856345035306,6.712004729318735,113,0.631412291755953
9.5,900.0,38.016983685491525,7.698491651666287,93,0.7982963965063385
9.5,1100.0,39.556285920091305,9.378113078118675,76,1.0757433470688542
9.5,1300.0,38.70379870945266,8.285305594326934,77,0.9441982016737605
9.5,1500.0,42.951928257784765,12.707336023954007,57,1.683127773582534
9.5,1700.0,43.02499198603111,11.91125567533497,49,1.7016079536192816
9.5,1900.0,43.322856867896796,10.411892651913973,53,1.4301834464401153
9.5,2100.0,42.08347533037799,9.455175271382528,55,1.2749355735063899
9.5,2300.0,44.03761731176126,10.27858555769501,43,1.567469602589847
9.5,2500.0,46.01749423520401,12.215458503110938,46,1.8010710970276484
9.5,2700.0,42.47338123845584,10.797359636197566,51,1.511932765865537
9.5,2900.0,48.71048516465755,13.463406857316771,140,1.1378655588602355
10.0,500.0,25.197144528310027,5.250517188835885,125,0.4696205340507255
10.0,700.0,33.372804162990924,6.870755502141902,107,0.6642210051231837
10.0,900.0,38.594749685603595,7.594171911286315,91,0.7960855262060953
10.0,1100.0,40.59626257020277,9.75269421871793,71,1.1574318616747674
10.0,1300.0,39.99137816536357,8.067565415073412,73,0.9442371112600197
10.0,1500.0,43.928100624943454,12.579144691163448,55,1.6961715241375237
10.0,1700.0,44.83517681984403,11.57252242444535,46,1.7062753439066352
10.0,1900.0,45.12762205173436,10.694816214117566,50,1.5124754137092737
10.0,2100.0,43.05764326189521,11.118855981695695,51,1.556951258834418
10.0,2300.0,46.058072775538534,10.614469412902647,40,1.6782949749481302
10.0,2500.0,48.28768922763542,13.096034833199177,42,2.0207620459828783
10.0,2700.0,46.12138318494512,11.319188259811021,42,1.7465886673404218
10.0,2900.0,50.11223379117984,14.198802265890684,130,1.2453173391854246
10.5,500.0,25.195810333224074,5.168539378728186,128,0.45683865544105057
10.5,700.0,33.13167195708101,6.533394095689485,104,0.6406519996906265
10.5,900.0,39.386201363331985,7.632725064967269,82,0.8428934770340677
10.5,1100.0,41.04534025506968,9.860565510917455,66,1.2137517106382154
10.5,1300.0,42.072644723473765,8.879717643944685,59,1.156040769882366
10.5,1500.0,44.965132278739546,12.319800064723573,53,1.6922546846255258
10.5,1700.0,45.14664844479877,12.396225600768224,42,1.9127791370843823
10.5,1900.0,47.12409707213612,10.523878336704888,47,1.5350654241083355
10.5,2100.0,47.46245073099588,10.659697798080131,42,1.644827079827299
10.5,2300.0,46.13011333217311,11.347411268491673,40,1.794183257754707
10.5,2500.0,48.879377913014864,13.250075262227318,42,2.0445310002115185
10.5,2700.0,47.8260781232722,12.598558125628273,38,2.043756003337934
10.5,2900.0,52.93556298029328,14.549043724181013,118,1.3393480367173933
11.0,500.0,25.27339564906334,4.854786425107311,126,0.4324987497312529
11.0,700.0,32.668710515028266,7.286792457010049,99,0.7323501971240685
11.0,900.0,38.993319751836935,7.775891455263323,74,0.9039290208026018
11.0,1100.0,41.088627976924414,9.206857344162657,59,1.1986307311923363
11.0,1300.0,44.796402417782396,9.102396627750274,53,1.2503103340724229
11.0,1500.0,46.257265800562806,12.465995085842469,50,1.762957931887477
11.0,1700.0,46.86728905175837,12.341439111125775,41,1.9274089731036872
11.0,1900.0,48.214805662358096,10.64884719851198,43,1.6239339734634395
11.0,2100.0,51.06787258355091,10.652208234974292,36,1.775368039162382
11.0,2300.0,47.088801778607994,10.828946283865172,40,1.7122067458315113
11.0,2500.0,49.57955331525157,12.94852241073535,42,1.9980003850356864
11.0,2700.0,49.72107907482769,12.95939212301329,35,2.190537078291981
11.0,2900.0,55.326416182138225,14.924119479012942,107,1.442769086723897
11.5,500.0,24.79876648806171,5.446676171602878,128,0.48142270698344714
11.5,700.0,33.92060834728885,7.756667817674669,91,0.8131197256757251
11.5,900.0,40.10185960333655,8.140679529972461,70,0.972997307364595
11.5,1100.0,41.752171264245575,10.371172553306467,54,1.411337821664367
11.5,1300.0,46.95230106846353,10.574553007975158,48,1.5263052564286061
11.5,1500.0,48.95759393082024,12.172954324716684,45,1.8146368904711039
11.5,1700.0,48.374897791219226,12.579713914311757,37,2.0680922281039646
11.5,1900.0,50.5353977715587,12.48115282846353,37,2.0518888854028
11.5,2100.0,54.3140773179849,11.547677572091041,32,2.041360279545346
11.5,2300.0,47.68170736067386,10.851653627935095,39,1.7376552611735223
11.5,2500.0,50.55494893133545,13.278882034936652,41,2.073812961071086
11.5,2700.0,50.89578213145733,13.165645348974454,34,2.257889549837171
11.5,2900.0,56.045660382783,15.4750972237836,105,1.5102148509576054
12.0,500.0,26.35972207038539,5.767274848072227,118,0.5309206839578703
12.0,700.0,35.36964216788525,7.82260862434899,81,0.8691787360387764
12.0,900.0,41.33189349864065,8.877004525884068,64,1.1096255657355087
12.0,1100.0,43.84799859451513,9.536982766532137,50,1.3487330372548232
12.0,1300.0,47.686253971892114,10.816696318378362,47,1.5777773165155675
12.0,1500.0,49.92302352039489,12.51934188643294,43,1.9091817391861179
12.0,1700.0,52.265901293360656,11.768070712267491,31,2.113607894549247
12.0,1900.0,54.061513144344374,11.698640094658064,33,2.0364718455474193
12.0,2100.0,54.81151286526892,11.709733239868193,32,2.07000794494908
12.0,2300.0,49.17739562210606,11.189019653897367,34,1.9189010397751218
12.0,2500.0,52.727401870852546,14.143098724587393,38,2.2943135742952423
12.0,2700.0,53.49221754192844,13.3066999242871,31,2.3899538588812477
12.0,2900.0,57.35785872186809,17.42320883474284,98,1.7600098738680043
12.5,500.0,26.963049445230702,6.33331522955718,112,0.5984420382852232
12.5,700.0,36.318246178293315,8.029138535829038,76,0.9210053547728131
12.5,900.0,43.42797916834954,8.538215748065117,58,1.1211226528651375
12.5,1100.0,45.94930375788253,10.450347966573089,49,1.4929068523675844
12.5,1300.0,48.84717111010698,10.977201656723762,42,1.6938189888419017
12.5,1500.0,50.95185004880053,12.474400089723341,43,1.9023281794397247
12.5,1700.0,54.81015849597384,11.423593858821086,29,2.1213081248110743
12.5,1900.0,55.60602815894101,12.139646609095964,31,2.180344895724995
12.5,2100.0,55.75243504617359,11.839807337693424,31,2.1264921728252535
12.5,2300.0,50.23172442479331,11.894524789528102,33,2.0705709940679924
12.5,2500.0,54.111422865561565,14.93292062909938,36,2.488820104849897
12.5,2700.0,54.681062954283085,13.924761565921493,30,2.542302005845387
12.5,2900.0,60.33128115761151,16.512688201264442,90,1.740590166939484
13.0,500.0,27.53478900339136,6.313290031692014,107,0.6103287839564923
13.0,700.0,37.520676189255525,8.500058760342021,69,1.0232868251429403
13.0,900.0,44.44698338970758,9.293411027897912,58,1.220284651172482
13.0,1100.0,48.660134342505984,11.197435349867618,42,1.7278017854685221
13.0,1300.0,50.30836717032468,11.008228453521236,40,1.7405537458300053
13.0,1500.0,51.80557302634293,12.127107831551784,42,1.8712533637599602
13.0,1700.0,54.57244450112286,12.40312124197157,29,2.303201793478886
13.0,1900.0,57.89381962806617,13.08384529208144,30,2.3887724017935907
13.0,2100.0,56.14485615784063,11.964166836889854,30,2.184348019439935
13.0,2300.0,50.95026547212278,11.909664713970416,33,2.0732065166262568
13.0,2500.0,56.34681156372303,14.996787807115153,33,2.610605668327596
13.0,2700.0,57.55661086464793,14.71123097788501,27,2.83117772173089
13.0,2900.0,61.15900148823609,16.050830809263967,88,1.7110243133188905
13.5,500.0,28.436212985096137,7.179668738390253,106,0.6973510742006865
13.5,700.0,39.00558287650864,8.577347746423834,65,1.0638890512070258
13.5,900.0,45.2547918178184,8.888312229754542,54,1.209546090968779
13.5,1100.0,51.48998687536304,10.550186768590159,36,1.758364461431693
13.5,1300.0,50.88997931939789,10.858140914970113,41,1.6957567138074734
13.5,1500.0,52.49427153944042,12.295921040627283,41,1.9203002448000266
13.5,1700.0,54.73234391796186,12.218431703035838,30,2.2307702203629973
13.5,1900.0,59.62435048550142,14.105987065801846,29,2.619416038505194
13.5,2100.0,60.23192980290622,12.598782564620189,24,2.5717157219660582
13.5,2300.0,52.267873411552536,12.191481871929083,32,2.1551698760884794
13.5,2500.0,57.788633797223746,16.205629225260427,30,2.958729561746701
13.5,2700.0,58.12981314041249,14.761037378865964,25,2.9522074757731933
13.5,2900.0,63.144585529954675,17.684507309144553,84,1.9295379374322557
14.0,500.0,29.57910918802406,7.399504944589893,100,0.7399504944589894
14.0,700.0,40.42901423316877,8.470536982124305,59,1.1027699851255575
14.0,900.0,46.791173809116714,8.823285810157182,49,1.260469401451026
14.0,1100.0,51.67565560814392,10.446713152313793,39,1.6728128904113295
14.0,1300.0,51.632732114356045,11.410101904770801,38,1.85096294623874
14.0,1500.0,53.06788412373516,12.595778822510242,41,1.9671301626282616
14.0,1700.0,56.96082666332966,11.740968783984963,27,2.2595504959935706
14.0,1900.0,62.34145900030145,16.95157039664806,26,3.3244764707134706
14.0,2100.0,60.94881415607698,13.313366201029748,23,2.7760287525349816
14.0,2300.0,56.34435264366325,12.895303783993958,27,2.481702370323637
14.0,2500.0,60.80959417813882,15.089761761537625,28,2.851696926017178
14.0,2700.0,64.3463699877714,16.118486261908984,21,3.517342065871606
14.0,2900.0,67.26646265394186,18.518383761828694,72,2.1824124557673197
14.5,500.0,29.37145673044256,7.35944867833724,102,0.7286940026518552
14.5,700.0,40.84750531802934,8.537794778199261,59,1.1115262043515266
14.5,900.0,47.68779881820521,9.594484895881804,48,1.3848446093432896
14.5,1100.0,52.71724878712804,11.195961383209871,38,1.816224766509444
14.5,1300.0,53.03778907636703,11.582104945066432,36,1.9303508241777383
14.5,1500.0,53.48936384972766,12.314142687409912,41,1.923145987925875
14.5,1700.0,58.19680406442068,11.314019090747369,27,2.1773839892198525
14.5,1900.0,62.21413581930191,18.44270102852682,26,3.6169112472236917
14.5,2100.0,61.558458909359864,13.548903604858255,23,2.825141696282807
14.5,2300.0,58.47948851710163,13.829750983665052,25,2.765950196733011
14.5,2500.0,61.72017416407543,16.37756126227826,27,3.15186313448198
14.5,2700.0,67.05263671120682,13.545285458428863,20,3.0288179059686335
14.5,2900.0,68.71346103641446,18.404498153014412,69,2.215641210766103
15.0,500.0,29.39484160747243,7.370547547628789,104,0.7227416494465891
15.0,700.0,40.62979280307999,8.293137981598493,59,1.079674602438016
15.0,900.0,48.228022117639526,9.24859842412235,49,1.3212283463031924
15.0,1100.0,55.698876839900336,11.53136424306936,30,2.1053294382458576
15.0,1300.0,54.465331766079004,12.3565644977934,35,2.0886406118274854
15.0,1500.0,56.06055057255724,10.961811239854926,30,2.001343762394072
15.0,1700.0,64.05144469994741,16.218849341531605,25,3.243769868306321
15.0,1900.0,61.9795587955651,18.82541840483827,26,3.691968299916119
15.0,2100.0,61.727109146465615,13.446900900566222,23,2.8038726621651167
15.0,2300.0,59.126154008196075,14.616124196273974,24,2.983503858168177
15.0,2500.0,64.44796943176675,14.917943728044651,25,2.9835887456089303
15.0,2700.0,65.77045875568342,15.107802577484833,22,3.220994332078904
15.0,2900.0,67.87338657838724,19.024222202214855,70,2.2738294646421764
15.166666666666666,500.0,30.867240701951324,7.15492596620369,74,0.8317432489580187
15.166666666666666,700.0,40.4912287943672,8.462498275316594,60,1.092503829587005
15.166666666666666,900.0,48.85868346137155,8.253127892452783,47,1.2038424298636616
15.166666666666666,1100.0,55.51072410973668,11.636858997075787,30,2.124590057068451
15.166666666666666,1300.0,54.3672628916873,11.955231641616983,35,2.0208029776355154
15.166666666666666,1500.0,55.82162228248551,10.913055465666268,30,1.9924422166168196
15.166666666666666,1700.0,63.95024607118082,16.560060005742262,25,3.312012001148452
15.166666666666666,1900.0,63.41343855617375,17.889742622581956,25,3.5779485245163904
15.166666666666666,2100.0,61.710160950808756,13.44844637045049,23,2.804194914912478
15.166666666666666,2300.0,59.12639175944464,14.528883291588787,24,2.9656958830700533
15.166666666666666,2500.0,64.2467112263101,14.986609154524777,25,2.997321830904955
15.166666666666666,2700.0,65.46369348270616,15.83698685247436,22,3.376456941861918
15.166666666666666,2900.0,66.21684202352793,20.302425384500616,72,2.3926637773190484
15.333333333333334,500.0,31.113780678405472,7.155528793387976,60,0.9237747950033094
15.333333333333334,700.0,39.744104490527214,9.008695294884447,61,1.153445237823165
15.333333333333334,900.0,48.67612996977756,8.010162685733926,47,1.1684023120513316
15.333333333333334,1100.0,54.63927135354723,11.872067019486819,31,2.1322861827170425
15.333333333333334,1300.0,54.865115590871476,11.570489370044013,34,1.9843225563689868
15.333333333333334,1500.0,55.53662451284614,10.910112183868288,30,1.991904849338871
15.333333333333334,1700.0,63.63388393968227,16.38141819320743,25,3.276283638641486
15.333333333333334,1900.0,64.66909788135209,16.530712058334178,24,3.3743174689826474
15.333333333333334,2100.0,61.42238681336371,13.292445094119357,23,2.771666400186136
15.333333333333334,2300.0,58.872187805614054,14.739583398433599,24,3.0087048622800268
15.333333333333334,2500.0,64.08078974735882,14.748997509651872,25,2.949799501930374
15.333333333333334,2700.0,64.00558723795136,16.243962576822188,23,3.3871003386711283
15.333333333333334,2900.0,67.44097429925642,19.356297022431168,69,2.3302243296269105
15.5,500.0,30.347482022275557,7.235753933274907,49,1.0336791333249866
15.5,700.0,39.384426791047176,8.162405865071333,59,1.0626547305571266
15.5,900.0,47.72154744137757,8.026499337281301,47,1.1707852575903932
15.5,1100.0,53.85860496730985,11.62336545075758,31,2.087618062350896
15.5,1300.0,53.9797055793211,11.578800897680653,34,1.9857479715990431
15.5,1500.0,55.920024431448866,12.065324650732101,31,2.166996277945832
15.5,1700.0,61.391738274554456,16.529021145562183,25,3.3058042291124368
15.5,1900.0,65.22283373039838,15.61969037263325,23,3.2569305858025546
15.5,2100.0,61.054074235534245,13.324148029018813,23,2.778276919080586
15.5,2300.0,58.55777859207465,14.43866677923108,24,2.94728051459923
15.5,2500.0,63.67658488836619,14.806067552055342,25,2.961213510411068
15.5,2700.0,64.08623458388543,15.322615498203692,23,3.1949861924297953
15.5,2900.0,66.62521497791354,19.668543492005025,70,2.3508405885582198
15.666666666666666,500.0,32.13413587155455,7.557681087835859,26,1.482183205553315
15.666666666666666,700.0,38.53546540469189,8.316332665871542,58,1.091987976830379
15.666666666666666,900.0,47.05282301779002,8.190485901300953,47,1.194705156356889
15.666666666666666,1100.0,53.32987847802004,11.743573303643402,31,2.1092080300744436
15.666666666666666,1300.0,53.48229860882119,11.443850409314212,34,1.962604153779908
15.666666666666666,1500.0,55.66214752365303,11.87331398287767,31,2.132510143953474
15.666666666666666,1700.0,61.95473672565544,16.042746352855975,24,3.274711886449413
15.666666666666666,1900.0,63.598132876081486,16.170838102366407,24,3.3008585053294923
15.666666666666666,2100.0,60.70510478036365,13.053687652690416,23,2.721882032184814
15.666666666666666,2300.0,58.12516842116846,14.638566669205842,24,2.9880849087722856
15.666666666666666,2500.0,63.265844427767036,14.568773983106194,25,2.9137547966212387
15.666666666666666,2700.0,63.60185960121985,15.548674056382769,23,3.242122660231093
15.666666666666666,2900.0,66.16115923856098,19.261141990374025,69,2.3187690099173084
15.833333333333334,700.0,36.91269959093897,8.436355813172296,51,1.181326102695909
15.833333333333334,900.0,45.9211964788052,8.066978576213133,47,1.1766897614330263
15.833333333333334,1100.0,52.10525060609353,11.288215908681286,31,2.0274234276221477
15.833333333333334,1300.0,52.362043829756445,11.242506989272387,34,1.9280740421149811
15.833333333333334,1500.0,54.18107881998518,11.82150031994321,31,2.1232041353730167
15.833333333333334,1700.0,59.61491357770608,17.52864401771719,25,3.505728803543439
15.833333333333334,1900.0,62.13980045482572,16.237445727885348,24,3.3144547299544747
15.833333333333334,2100.0,59.490179356450604,12.918564125424897,23,2.6937068290717185
15.833333333333334,2300.0,56.55841924074293,14.919530185122557,24,3.0454363463001437
15.833333333333334,2500.0,61.92291165639638,14.582366064341079,25,2.916473212868216
15.833333333333334,2700.0,63.56370355806832,14.741175184261358,22,3.142829109208069
15.833333333333334,2900.0,64.73558720083837,19.229262925460137,71,2.282093654052317
16.0,700.0,36.049432931538675,9.140616380734262,46,1.3477103596369555
16.0,900.0,45.55075219525763,8.002711298679365,47,1.1673154155419707
16.0,1100.0,51.60121305152683,11.344865258858606,31,2.037597951270366
16.0,1300.0,51.808294733334996,11.117303171431235,34,1.906601764500783
16.0,1500.0,53.83809343706687,11.808368341789512,31,2.120845562470512
16.0,1700.0,60.43244603021543,17.854475103250476,24,3.6445294690158057
16.0,1900.0,61.64037095329446,15.956409415909402,24,3.257088432993251
16.0,2100.0,58.93528152224617,12.810252514782789,23,2.671122297043102
16.0,2300.0,56.317074212759714,14.501222372896688,24,2.9600496216856977
16.0,2500.0,61.37353221115431,14.330890013499122,25,2.866178002699824
16.0,2700.0,62.93834284238228,14.497297052783184,22,3.0908341168734537
16.0,2900.0,64.22394416815007,19.41916193882009,71,2.3046305206487867
16.166666666666668,700.0,35.32398116059385,9.060092209592652,40,1.4325263596730204
16.166666666666668,900.0,44.11752888167855,8.522408385564574,47,1.2431210267019621
16.166666666666668,1100.0,50.55759488879046,11.208162880557481,31,2.013045479327814
16.166666666666668,1300.0,50.711749267139886,11.619455858142105,34,1.992720239797207
16.166666666666668,1500.0,52.88857800422467,11.734470601790878,31,2.107573136558962
16.166666666666668,1700.0,58.88583115050811,19.172310412384693,25,3.8344620824769384
16.166666666666668,1900.0,61.08830151872829,15.834347291143791,24,3.232172606110277
16.166666666666668,2100.0,58.45336753014919,12.729273655842912,23,2.6542370377202427
16.166666666666668,2300.0,55.62250816768889,14.607670189918668,24,2.981778191347115
16.166666666666668,2500.0,60.76246307155131,14.393863513273079,25,2.878772702654616
16.166666666666668,2700.0,64.16055926833921,12.140501916564682,21,2.6492747146387665
16.166666666666668,2900.0,64.5849954982472,18.462202026679062,69,2.222587940823576
16.333333333333332,700.0,33.78233173936098,9.636027845694398,33,1.6774171401023135
16.333333333333332,900.0,44.21467186008199,7.460349831739451,45,1.1121232906465688
16.333333333333332,1100.0,50.4967122626072,10.700905466492292,30,1.9537091032427236
16.333333333333332,1300.0,49.613249342379405,11.323355397502453,35,1.9139963984004627
16.333333333333332,1500.0,52.265169787851974,11.71657485063574,31,2.104358964767747
16.333333333333332,1700.0,59.41780964485714,18.45067951289353,24,3.7662291845177025
16.333333333333332,1900.0,60.16615086466978,15.934331519375458,24,3.25258180123474
16.333333333333332,2100.0,57.55845358170559,12.612172481013827,23,2.6298197548653612
16.333333333333332,2300.0,56.00704293855587,13.874897747900393,23,2.8931161740052764
16.333333333333332,2500.0,59.981166370223825,14.26756579050436,25,2.853513158100872
16.333333333333332,2700.0,63.18239753957899,12.01696404711479,21,2.622316541403162
16.333333333333332,2900.0,63.895810143879146,18.05465439161314,68,2.189448443842433
16.5,700.0,32.950492181207665,8.866359549582974,14,2.3696342644636292
16.5,900.0,41.610174327664495,7.938520789802754,43,1.2106130710005798
16.5,1100.0,47.823062866190966,11.365737886816605,31,2.0413467859188548
16.5,1300.0,48.17391385431759,11.300356622314435,34,1.9379951723327054
16.5,1500.0,52.65183381223996,15.721042766066443,30,2.8702565834926674
16.5,1700.0,57.294845092163946,11.308918295139986,23,2.358072471930447
16.5,1900.0,58.58346506782802,15.900792655529093,24,3.245735709320051
16.5,2100.0,56.041316012493596,12.793299325070537,23,2.667587312623853
16.5,2300.0,53.175422485738885,15.190496440469202,24,3.1007471015594743
16.5,2500.0,58.3147312815298,14.43899575969569,25,2.887799151939138
16.5,2700.0,61.474024571563575,11.802052094125356,21,2.5754189084353114
16.5,2900.0,64.03816903918137,17.75325843087543,67,2.168905718013942
16.666666666666668,900.0,40.52397953185116,8.579793151583845,42,1.323890825271201
16.666666666666668,1100.0,48.772776783083366,10.298379876069554,29,1.9123611337624817
16.666666666666668,1300.0,47.545303655410855,11.59775562871551,34,1.988998681153278
16.666666666666668,1500.0,52.30475930206904,15.592971451550033,30,2.8468740675160085
16.666666666666668,1700.0,56.66098190014547,11.389791794127893,23,2.3749357621846556
16.666666666666668,1900.0,58.297004954388775,15.753395208883743,24,3.2156483315141995
16.666666666666668,2100.0,55.44791860471635,12.508532440622941,23,2.6082093125704042
16.666666666666668,2300.0,54.034151669406285,13.887359576099353,23,2.8957146448102633
16.666666666666668,2500.0,57.963879594574784,14.301535175341199,25,2.86030703506824
16.666666666666668,2700.0,61.249364761133556,11.687543661576203,21,2.550431119870206
16.666666666666668,2900.0,63.61560443501304,17.69435861206322,67,2.161709959876968
16.833333333333332,900.0,40.609143677164504,8.877979401941285,40,1.4037317965096978
16.833333333333332,1100.0,47.37063488006804,11.549196551747416,30,2.1085851574843137
16.833333333333332,1300.0,48.72250582274162,9.939448917683167,32,1.7570629327377645
16.833333333333332,1500.0,52.13792585380962,16.8158869641366,30,3.0701468715715605
16.833333333333332,1700.0,56.684253199084466,11.609918297044768,23,2.420835310958801
16.833333333333332,1900.0,58.193731257830194,15.364918380247676,24,3.136350830926451
16.833333333333332,2100.0,55.08470371977473,12.73248615351761,23,2.654906889790543
16.833333333333332,2300.0,53.79257734853842,13.944082225722862,23,2.907542134860274
16.833333333333332,2500.0,57.45894190914965,14.684919350836248,25,2.936983870167249
16.833333333333332,2700.0,60.63761409203053,11.90062746587977,21,2.596929818088788
16.833333333333332,2900.0,62.92166023839439,18.108372559659646,67,2.2122898138105835
17.0,900.0,39.26431077976529,10.32047119471799,40,1.6318097750733982
17.0,1100.0,47.47510260300093,10.68743155217786,29,1.984606216325762
17.0,1300.0,48.040141290048034,10.030151096506728,32,1.773096964166398
17.0,1500.0,50.43432103861431,12.081786053411768,30,2.2058222521349804
17.0,1700.0,56.03054128385455,11.705019866772751,23,2.4406653590465393
17.0,1900.0,57.4656177711056,15.695235864816599,24,3.203776605119244
17.0,2100.0,54.7080379994411,12.578809067330996,23,2.622863002210342
17.0,2300.0,53.241580915945356,14.112347088160211,23,2.942627784057792
17.0,2500.0,57.07978438406914,14.463005366247677,25,2.8926010732495353
17.0,2700.0,60.041733106377535,11.645654014688489,21,2.541290049503637
17.0,2900.0,62.53774950522794,18.266319710266583,67,2.231586129437895
17.166666666666668,900.0,40.10808900695783,11.501411353678415,28,2.1735624405777023
17.166666666666668,1100.0,45.05313880613254,11.811830758787657,30,2.1565353840071206
17.166666666666668,1300.0,46.97080963149312,9.931745320424506,32,1.755701116272482
17.166666666666668,1500.0,49.73590221456588,13.585369834556051,32,2.4015767837354374
17.166666666666668,1700.0,56.356322535614595,10.799565083430943,22,2.3024750121165147
17.166666666666668,1900.0,57.84094747079785,14.9013085395911,23,3.1071376188165227
17.166666666666668,2100.0,53.7140305549084,12.967019008947624,23,2.703810370717665
17.166666666666668,2300.0,52.16740176935344,14.376333845813916,23,2.997672828148781
17.166666666666668,2500.0,56.191034446112056,15.099313402732053,25,3.0198626805464106
17.166666666666668,2700.0,59.42673650525903,11.731152233818728,21,2.559947290501172
17.166666666666668,2900.0,61.87829324062717,18.25260065459742,67,2.2299100800296996
17.333333333333332,900.0,41.04598577714147,9.753249778079264,21,2.1283335895171174
17.333333333333332,1100.0,46.250877691756145,9.802117632782885,28,1.8524261127246184
17.333333333333332,1300.0,45.9461269118959,10.264113795964928,32,1.8144561169992992
17.333333333333332,1500.0,47.972760560400985,14.093632543411397,31,2.5312911296137877
17.333333333333332,1700.0,56.14674162799892,11.23461964893827,22,2.3952289571364553
17.333333333333332,1900.0,56.99888602931332,15.009155338238685,23,3.1296252308444554
17.333333333333332,2100.0,52.705820774856676,13.72010714060494,23,2.860840101223527
17.333333333333332,2300.0,52.94290028993032,13.250720823044666,22,2.8250631717013257
17.333333333333332,2500.0,58.46285099058362,11.504148536080548,23,2.3987807912263905
17.333333333333332,2700.0,58.85088733126248,11.89663716056737,21,2.596059062082119
17.333333333333332,2900.0,61.34540885860591,18.51145037284748,67,2.261533606280097
17.5,900.0,36.84167853118891,8.345587057835129,19,1.9146089794539083
17.5,1100.0,44.63860094533378,10.667612072897713,29,1.9809258314183422
17.5,1300.0,45.85745001439509,9.736011670582748,31,1.7486393166312197
17.5,1500.0,48.81505134862867,11.832008021363036,30,2.160219231294201
17.5,1700.0,56.14687706363798,11.70677210111634,22,2.4958921981698783
17.5,1900.0,56.629933520289875,15.45321237796067,23,3.2222175242900044
17.5,2100.0,54.6280740036317,11.44423492847666,21,2.4973368014572297
17.5,2300.0,52.23570517648216,13.786365270074281,22,2.9392629515199453
17.5,2500.0,58.1638926627012,11.560438527091039,23,2.41051806571922
17.5,2700.0,58.14292895089339,11.870126501279021,21,2.5902739619434496
17.5,2900.0,60.78939411808705,18.797317482202935,67,2.2964578321897946
17.666666666666668,1100.0,45.76718033865717,9.920404128593745,25,1.9840808257187494
17.666666666666668,1300.0,46.46069311372031,8.9308369558229,29,1.6584147887156464
17.666666666666668,1500.0,50.17120450181098,11.714858477503265,30,2.1388307487030547
17.666666666666668,1700.0,54.6081904217378,11.383814031407649,21,2.4841518807726644
17.666666666666668,1900.0,57.14009645986198,14.983237610276014,22,3.194436991837171
17.666666666666668,2100.0,54.434503613244736,11.621540104082342,21,2.536027962805824
17.666666666666668,2300.0,51.89282858491399,13.889583879221638,22,2.961269232931392
17.666666666666668,2500.0,57.67149730959414,11.584812504174721,23,2.415600391269065
17.666666666666668,2700.0,57.381448324983445,11.725820982730834,21,2.558783916136454
17.666666666666668,2900.0,59.76835179325425,18.87788837799146,67,2.3063011337595687
17.833333333333332,1100.0,43.21203614012834,11.388385742806731,23,2.3746425802172904
17.833333333333332,1300.0,44.567326350031344,9.680120685435762,30,1.7673401529285127
17.833333333333332,1500.0,48.428875065635154,11.76513247391085,29,2.1847302534406903
17.833333333333332,1700.0,54.53481794459072,12.742114060621816,22,2.7166278456094677
17.833333333333332,1900.0,55.762865991934,15.835783126848625,22,3.3762003066962154
17.833333333333332,2100.0,53.301802877988585,11.606984650942971,21,2.532851702530322
17.833333333333332,2300.0,52.41308801418404,12.524825755018645,21,2.7331410518335897
17.833333333333332,2500.0,56.57023807508694,11.87884206567037,23,2.476909792999789
17.833333333333332,2700.0,54.749283609574015,12.347087094444877,22,2.6324078134407602
17.833333333333332,2900.0,59.84561047614308,19.262619348634846,66,2.3710645357908056
18.0,1100.0,41.50009462481059,10.797343926695111,21,2.3561736118358128
18.0,1300.0,44.13431435807069,9.669606919847151,29,1.795600927020178
18.0,1500.0,47.72783346853965,13.136046394425367,28,2.4824794264468717
18.0,1700.0,55.85769244163649,13.059833395692165,24,2.6658273287670973
18.0,1900.0,54.29212012913724,16.650000248943517,21,3.633327926753202
18.0,2100.0,53.249165232340474,12.17322673172524,21,2.656415854761467
18.0,2300.0,52.177268615377045,12.971743768089247,21,2.8306665577543173
18.0,2500.0,56.43660126515702,11.900734839387184,23,2.481474751883434
18.0,2700.0,54.23799796584801,12.512245475263041,22,2.667619698543325
18.0,2900.0,58.90134531650444,19.549633666526802,66,2.4063935561125436
18.166666666666668,1100.0,42.63421163619592,8.000068857790453,18,1.885634313100982
18.166666666666668,1300.0,43.07238088971455,8.93338824045651,28,1.6882516892454866
18.166666666666668,1500.0,47.07880443507213,12.168849214929317,28,2.299696340324754
18.166666666666668,1700.0,55.04396995024593,13.55210836359732,23,2.8258099346734777
18.166666666666668,1900.0,56.23874627423538,14.44669248494469,19,3.3142985584359153
18.166666666666668,2100.0,52.30006896812246,12.480770124837266,21,2.723527325162392
18.166666666666668,2300.0,52.635085470158245,11.617710475124463,20,2.5977990365289676
18.166666666666668,2500.0,55.62458766930944,11.821907908872076,23,2.465038200655159
18.166666666666668,2700.0,53.39040891043973,12.732549978058076,22,2.7145887763555936
18.166666666666668,2900.0,58.30219270101798,19.52524728146869,66,2.403391799616144
18.333333333333332,1100.0,38.87528099654036,8.109181240787017,15,2.093781593129714
18.333333333333332,1300.0,42.35318630653281,8.793527424837123,28,1.6618204795103757
18.333333333333332,1500.0,46.68554633648454,12.627371087135428,28,2.3863488292205477
18.333333333333332,1700.0,56.63219379638043,12.899972086293493,22,2.750283289765151
18.333333333333332,1900.0,56.90643080767939,14.381839709924806,19,3.299420311461186
18.333333333333332,2100.0,52.5201965570266,13.537395692921177,20,3.0270537007684624
18.333333333333332,2300.0,50.736456825529544,13.445395390913967,21,2.934025815593983
18.333333333333332,2500.0,55.38234852260383,12.324248662541208,23,2.569783488563468
18.333333333333332,2700.0,52.981043379249996,13.482330028103698,22,2.874442420134465
18.333333333333332,2900.0,58.03064809085628,20.22286344965554,66,2.489262413889552
18.5,1100.0,32.97531618361528,7.928995607669162,12,2.288903874245576
18.5,1300.0,41.2683778504214,10.61079761322517,21,2.3154658688791008
18.5,1500.0,45.690496145036626,10.490595368536301,25,2.0981190737072604
18.5,1700.0,56.40764179289849,13.384330210432289,22,2.8535487888042015
18.5,1900.0,57.61849740346963,13.435588398393945,18,3.166798555245221
18.5,2100.0,51.64539043286929,14.092650841736734,20,3.151212526529297
18.5,2300.0,51.27558693471563,12.487082607657095,20,2.79219655513766
18.5,2500.0,54.88350425440409,12.551560509336745,23,2.61718128510627
18.5,2700.0,52.37590638598463,13.459153150531447,22,2.8695010932331755
18.5,2900.0,58.321582120294515,19.47789296131283,63,2.453983849484246
18.666666666666668,1100.0,30.79305940209466,10.089429437751551,11,3.04207743579894
18.666666666666668,1300.0,40.740290785356265,12.005773811028178,20,2.6845726363945723
18.666666666666668,1500.0,46.66283655145948,10.504497477280173,21,2.292269277481384
18.666666666666668,1700.0,58.12219134029116,16.98356908770185,24,3.466756523014595
18.666666666666668,1900.0,57.96322346279863,13.616105941777844,17,3.3023907651500166
18.666666666666668,2100.0,52.38812065787889,12.560044711733088,20,2.808511377587193
18.666666666666668,2300.0,51.885027386380614,12.557781081359591,19,2.8809525625659673
18.666666666666668,2500.0,54.28512572190152,12.948207592734112,23,2.69988791928832
18.666666666666668,2700.0,53.028608311563055,13.387689892139155,21,2.9214334433963276
18.666666666666668,2900.0,59.118748853852445,19.60987670064738,61,2.5107874286196834
18.833333333333332,1300.0,40.35892103555486,9.393137981709735,18,2.2139838544959582
18.833333333333332,1500.0,46.20542808967345,9.614543912022437,22,2.049827649475657
18.833333333333332,1700.0,58.14497788072599,17.84927556008057,23,3.7218312347534663
18.833333333333332,1900.0,56.596050890090844,14.249829057263911,18,3.358716919046806
18.833333333333332,2100.0,52.06831177881104,13.225975921782647,19,3.0342469722501444
18.833333333333332,2300.0,51.39239486072269,13.022922837802895,19,2.9876633999742492
18.833333333333332,2500.0,53.70679031774457,13.078228549692744,23,2.7269991629436894
18.833333333333332,2700.0,53.768239109778406,13.237932457696589,20,2.960091685696043
18.833333333333332,2900.0,59.41206733977768,19.357656394607424,59,2.5201522051549228
19.0,1300.0,37.03731829406724,9.14901799659332,10,2.8931735223105517
19.0,1500.0,45.72857424436,13.006782024266691,16,3.2516955060666732
19.0,1700.0,56.83004856117751,16.96639135088196,23,3.5377371511921734
19.0,1900.0,56.05718458217401,15.687782794455329,18,3.697645865247004
19.0,2100.0,53.61053254142632,10.219602326755526,17,2.4786176379424143
19.0,2300.0,49.33307847668428,14.126746756146146,19,3.240897974264846
19.0,2500.0,53.93080833630409,12.544230073771514,22,2.6744388378576787
19.0,2700.0,52.03914394730659,14.845900409161104,20,3.3196442502076167
19.0,2900.0,59.81556190126979,19.193265237493204,57,2.542210084479144
19.166666666666668,1500.0,48.18360899316215,9.897441565567517,11,2.9841909143141083
19.166666666666668,1700.0,50.60326012633116,13.790417475568526,19,3.163738745538973
19.166666666666668,1900.0,55.262756765797505,14.506763796076907,17,3.5184070245359593
19.166666666666668,2100.0,52.88258016397693,9.13350231548413,16,2.2833755788710324
19.166666666666668,2300.0,49.07266820640958,15.042268201148532,18,3.5454966164862998
19.166666666666668,2500.0,52.345917972027365,14.30851359666734,22,3.050585348793468
19.166666666666668,2700.0,54.06627155693968,13.058647349916129,18,3.0779526980831444
19.166666666666668,2900.0,62.0552114098359,19.328478021390797,51,2.7065282827926644
19.333333333333332,1700.0,48.98255238674148,14.867211847993394,10,4.701425189590015
19.333333333333332,1900.0,58.712042617745745,16.01816903827614,12,4.62404710308683
19.333333333333332,2100.0,50.423529258451474,11.216108539335028,10,3.5468449467962957
19.333333333333332,2300.0,48.51385162195105,16.262173317977926,15,4.198875095577807
19.333333333333332,2500.0,53.57979404278876,15.72077450646474,18,3.7054220863419394
19.333333333333332,2700.0,51.954884389239545,13.726872093945106,17,3.329255503098773
19.333333333333332,2900.0,59.4551531076668,21.864619266612866,47,3.189282503429187
19.5,2500.0,46.78556449341155,10.965249396683323,16,2.74131234917083
19.5,2700.0,43.459057920416214,13.312659234300899,14,3.5579578401161625
19.5,2900.0,54.79019790073625,21.496214017262314,28,4.062402601364056
